python3 shuffle.py -n 100
expectation : 1.060000
variance : 1.076400
python3 shuffle.py -n 1000
expectation : 0.932000
variance : 0.939376
python3 shuffle.py -n 10000
expectation : 0.991100
variance : 0.982221